0,6.4807,10.677,10.583,9.5917,14.697,5.6569,11.045,14.422,17.321,8.2462,13.038,7.874,15.748,8.7178,12.166,12.247,7.746,9.4868,7.2111,13.784,7.874,11.832,7.3485,8,11.489,12.884,8.7178,9.8995,12.49,13.038,7.4833,10.392,10.863,10.863,6,11.747,10.77,12.49,10.954,8.7178,13.928,13.638,12.247,11.916,10.863,12,12.49,14.967,13.191,18,15.362,18.493,15.1,8.9443,8.7178,9.8995,12.49,11.045,13.115,11.747,10.583,12.728,6,12.884,11.314,11.747,8,11.832,11.314,15.297,12.728,8.4853,11.225,10,11.314,9.1652,11.402,8.7178,3.4641,11.045,10.1,11.832,11.832,11.402,13.416,14.967,12,8.3666,14.967,7.2111,11.314,13.038,12.41,11.832,11.832,11.662,11.314,7.874,12.41,11.576,11.576,15.232,11.662,9.4868,12.49,11.314,10.1,11.916,10.198,9.798,16.248,11.402,13.038,18.111,5.6569,10.296,10.296,14.56,9.1652,12,7.3485,13.711,12.083,6,11.314,13.191,12.961,14.071,11.662,9.2736,13.784,13.115,11.314,8.2462,9.798,11.045,12.57,10.954,11.916,11.314,12.57,10.954,14.765,14.491,11.402,12,11.314,9.0554,11.832,15.937,9.4868,13.565,12.41,11.225,11.314,12.247,12.166,7.6158,15.427,10.392,12,9.1652,6.4807,13.928,12.49,12,16.553,8.4853,15.748,15.492,17.263,10.583,14.071,14.697,13.191,12.57,15.937,11.314,11.576,9.8995,11.832,10.488,12.166,12.49,14.832,12.884,5.2915,12.329,11.662,12.166,6,10.583,12,12.083,15.811,13.416,14.967,11.832,11.402
6.4807,0,8.4853,9.2736,7.6158,13.491,5.831,11.136,13.191,16.912,8.3666,12,8,14.353,6.4807,12.247,12.329,7.874,9.798,7.3485,12.806,6,11.916,3.4641,7.874,11.576,12.806,8.8318,10,10.677,11.314,5.4772,10.488,10,8.7178,6.1644,9.798,10.863,12.41,11.045,9.0554,13.416,12,12.166,10,10,11.576,12.083,13.491,13.115,17.944,14.9,18.439,15.033,6.1644,8.8318,8.4853,11.747,10.954,11.402,11.832,8.8318,12.649,6.1644,11.136,10.488,11.832,8.3666,11.916,11.402,14.967,12.329,7.3485,11.662,10.1,11.225,9.6954,11.489,8.8318,6.1644,10.583,8.7178,11.916,10.296,11.489,12.884,13.784,12.083,5.2915,13.491,5.831,11.402,12.649,11.662,11.916,11.402,10.488,11.402,4.4721,12.329,11.662,11.662,13.784,10.863,6.9282,12.083,10.488,8.7178,12,10.296,7.874,15.427,11.489,11.314,17.72,5.831,10.392,8.4853,13.038,9.6954,12.083,7.4833,13.191,10.954,7.3485,10.863,12.166,11.576,12.806,11.747,8.2462,12.806,11.747,10.863,5.831,7.874,10.198,11.489,9.6954,10,9.2736,12.49,11.045,13.856,13.565,9.3808,10.488,11.402,9.1652,11.916,14.832,9.798,11.916,10.583,11.314,11.402,12.329,12.247,4.899,14,9.4868,11.916,9.6954,7.746,12.961,12.41,12.083,16.492,8.6023,15.297,14.071,16.852,10.1,13.565,13.191,12.806,11.136,15.875,11.576,11.136,8,11.045,10.583,10.296,10.677,13.638,12.49,3.7417,12.247,11.747,12.083,4.6904,10.677,12.083,12.166,15.748,12.083,14.491,11.045,9.798
10.677,8.4853,0,7.6158,4.6904,13.638,9.0554,10.392,13.342,17.378,9.4868,8.9443,7.746,13.038,6.1644,11.576,11.662,8.3666,10.954,9.2736,10,7.2111,11.225,7.746,9.8995,11.402,13.416,9.4868,9.1652,8.8318,9.5917,8.6023,9.6954,8.4853,4.899,8.8318,4.899,10.1,11.402,10.296,10.677,14,8.9443,11.136,9.1652,8.4853,10.488,10.296,10.488,13.711,18.385,15.427,18.868,15.556,5.831,7.874,6.6332,9.4868,10.198,8.124,11.136,4.6904,11.662,8.8318,8.9443,7.874,11.136,10.1,11.225,10.677,15.492,10.583,6.4807,11.662,10.488,11.916,11.225,11.489,9.4868,10.1,9.798,6.3246,11.225,6.4807,11.489,13.491,13.928,11.402,7.2111,10.488,7.874,10.677,10.954,9.3808,11.225,9.4868,11.225,10.677,7.746,11.314,11.314,10.954,11.747,8.3666,4.899,10.296,7.874,6.9282,11.314,9.4868,5.099,15.937,11.489,8.7178,18.166,9.0554,10.198,8.7178,10.296,11.225,11.402,8.7178,13.784,7.4833,10.488,9.4868,9.1652,7.874,12.166,11.045,7.2111,10,8.124,9.4868,8.3666,5.099,8.2462,8.7178,10.488,9.1652,8.3666,11.489,10.296,14.422,14.142,6.6332,6.1644,10.677,9.1652,11.225,14.967,10.954,8.8318,9.798,10.583,10.677,11.662,11.576,7.4833,13.416,8.3666,12.57,11.225,10.77,10.198,11.402,11.402,16.971,7.6158,15.811,12.41,17.321,9.2736,14.142,11.747,11.136,7.2111,16.371,11.576,10.392,8.9443,8.124,9.798,8.3666,8.8318,13.038,10.77,9.2736,11.225,11.225,11.225,9.6954,10.677,11.402,11.489,16.248,11.402,15.033,9.0554,10
10.583,9.2736,7.6158,0,6,15.62,8.9443,7.0711,15.362,18.974,8.4853,7.6158,7.0711,15.1,6.6332,8.7178,8.8318,7.2111,9.2736,8.2462,9.2736,7.0711,8.4853,8.6023,11.662,8.9443,15.427,8,6.4807,11.662,12.247,10.198,6,3.7417,9.0554,8.7178,7.874,7.746,8.7178,7.4833,8.9443,15.937,11.747,8.3666,11.916,3.7417,7.4833,7.746,12.166,15.684,19.9,17.205,20.347,17.321,8,6,3.7417,7.2111,6.7823,11.136,8.6023,6,9.0554,8.7178,11.747,4.899,8.124,8.7178,8.4853,7.4833,17.263,8.124,6.3246,9.2736,8.7178,14.142,9.5917,9.0554,8,10,6.1644,4.2426,8.2462,6,9.0554,15.492,15.875,8.4853,9.0554,12.166,7.746,7.4833,8.6023,7.0711,8.2462,6.6332,13.565,7.4833,9.0554,8.6023,8.8318,7.874,14,5.6569,7.874,7.746,4.899,3.1623,8.3666,6.6332,5.6569,17.664,9.0554,11.576,19.698,8.9443,8.3666,11.576,12.806,9.5917,8.4853,7.6158,15.748,6.4807,9.5917,5.6569,7.874,8,14.353,8,5.099,8.8318,8.2462,5.6569,10.392,5.6569,4.2426,6.7823,12.961,11.916,11.314,8.8318,6.9282,16.31,16.062,10.1,7.2111,7.4833,7.6158,8.4853,16.793,9.2736,11.662,12.41,7.6158,7.4833,8.8318,8.7178,7.874,15.427,3.4641,14.697,9.5917,9.8995,9.0554,8.7178,8.4853,18.601,6.3246,17.55,14.56,18.921,5.2915,16.062,14,8.8318,8.124,18.055,9.1652,7.0711,11.747,6,6.1644,11.314,11.662,15.1,8.3666,10,8.4853,8.7178,8.2462,10.392,8,8.4853,8.6023,17.944,13.711,16.852,6,12.57
9.5917,7.6158,4.6904,6,0,14.422,7.746,9.2736,14.142,18,8.2462,9.2736,6.1644,13.856,4,10.583,10.677,6.9282,9.8995,8,10.296,5.4772,10.198,6.7823,10,10.392,14.213,8.2462,7.874,10,10.677,8.2462,8.4853,7.0711,6.7823,7.4833,6.7823,8.9443,10.583,9.1652,9.5917,14.765,10.1,10.296,10.296,7.0711,9.5917,9.798,11.489,14.491,18.974,16.125,19.442,16.248,5.2915,6.3246,4.6904,8.9443,9.0554,9.3808,10.1,4.4721,10.863,7.4833,10.1,7.2111,10.1,8.9443,10.198,9.5917,16.186,10.1,4.4721,10.677,9.3808,12.806,10.198,10.488,8.2462,8.9443,8.6023,4.2426,10.198,6.9282,10.488,14.283,14.697,10.392,6.7823,11.489,6.3246,9.5917,10.488,8.8318,10.198,8.9443,12.166,9.5917,6.7823,10.488,10.296,9.8995,12.649,7.746,5.099,9.798,7.2111,5.099,10.296,8.2462,2,16.613,10.488,9.8995,18.762,7.746,9.0554,9.8995,11.314,10.198,10.392,7.3485,14.56,7.874,9.3808,8.2462,9.4868,8.7178,13.038,10,5.4772,10.296,8.9443,8.2462,8.4853,2,6.7823,8.6023,11.489,10.296,9.5917,10.677,9.1652,15.166,14.9,8.124,7.2111,9.5917,7.874,10.198,15.684,9.8995,10,10.863,9.4868,9.5917,10.677,10.583,5.831,14.213,6.9282,13.416,10.198,9.6954,10.488,10.583,10.392,17.607,6,16.492,13.266,17.944,8,14.9,12.649,10.677,8.124,17.029,10.583,9.2736,10.1,8,8.6023,9.5917,10,13.856,10.296,8.4853,10.392,10.198,10.198,8.9443,9.5917,10.392,10.488,16.912,12.329,15.748,8.4853,11.045
14.697,13.491,13.638,15.62,14.422,0,14.697,17.146,2.8284,10.77,15.492,14.353,15.297,8.4853,14.56,17.889,17.944,15.232,16.432,15.1,13.491,14.353,17.664,13.038,12.961,17.436,10.296,15.748,16.432,10.392,9.6954,12.649,16.733,16.062,12.728,14.56,13.491,16.971,17.436,17.088,16.248,8.3666,10.296,17.607,10.1,16.062,16.971,16.613,11.314,11.045,12.329,7.2111,13.038,9.5917,13.416,15.748,15.166,15.748,17.029,10.954,17.607,14.422,17.493,14.56,10.296,15.748,17.607,15.875,17.664,17.321,8.8318,16.553,14.967,17.607,16.613,11.314,16.613,17.493,15.748,14.832,16.793,15.033,17.664,14.422,17.493,9.5917,2.8284,17.776,12.728,11.314,14.283,17.321,16.31,15.811,17.664,16.492,9.798,17.321,12.728,17.493,17.493,17.493,9.798,16,13.491,16.613,15.748,15.297,17.72,16.613,14.56,8.2462,17.493,10.488,12,14.697,16.673,10.488,10,16.613,17.776,15.033,9.1652,14.213,15.362,16.613,13.784,13.416,6.1644,17.55,15.427,14.071,13.266,16.613,12.166,14.56,15.937,14.765,9.798,10.1,10.77,17.378,17.088,6.1644,6.1644,11.916,13.856,17.321,15.937,17.664,6.1644,16.432,10.392,9.4868,17.263,17.321,17.944,17.889,13.928,7.3485,16,10.954,16.613,15.556,13.928,17.436,17.776,10.1,15.62,8,9.3808,10.677,16.492,8.6023,8.9443,16.186,13.342,9.8995,17.55,17.146,10.863,15.362,16.793,10.77,10.392,6.6332,16.432,13.711,17.55,17.55,17.664,13.416,16.971,17.776,17.833,8.8318,7.4833,7.4833,16.248,9.2736
5.6569,5.831,9.0554,8.9443,7.746,14.697,0,9.4868,14.422,17.889,6,11.747,5.4772,15.232,6.6332,10.77,10.863,5.2915,7.874,4.4721,12.57,6.1644,10.392,6.7823,9.798,10,14.071,6.6332,8.124,11.832,12.41,8,8.7178,9.2736,9.6954,2,10.296,9.1652,11.136,9.3808,6.9282,14.629,12.728,10.863,11.225,9.2736,10.583,11.136,13.856,14.353,18.868,16,19.339,16.125,7.4833,6.6332,8.124,11.136,9.4868,12.166,10.296,8.9443,11.402,2,11.916,9.798,10.296,6,10.392,9.798,16.062,11.402,6.3246,10.1,8.2462,12.649,7.746,9.8995,6.6332,4.4721,9.4868,8.3666,10.392,10.392,9.8995,14.142,14.967,10.583,7.3485,13.856,5.2915,9.798,11.747,11.045,10.392,10.392,12,9.798,7.3485,11.045,10.1,10.1,14.422,10.198,8.124,11.136,9.798,8.3666,10.488,8.4853,8,16.492,9.8995,12.083,18.655,0,8.6023,10.296,13.711,7.746,10.583,4.6904,14.422,10.677,5.2915,9.798,11.916,11.662,13.784,10.198,7.3485,12.57,11.832,9.798,8.2462,8,9.4868,11.225,11.314,11.225,10.583,11.225,9.3808,15.033,14.765,10.296,10.583,9.798,7.0711,10.392,15.937,7.874,12.649,11.747,9.6954,9.798,10.863,10.77,5.831,14.9,8.7178,13.266,7.746,5.831,12.728,11.136,10.583,17.493,6.3246,16.371,14.697,17.833,8.9443,14.765,14.142,11.916,11.225,16.912,10,10.1,9.8995,10.392,8.8318,11.489,11.832,14.56,11.576,6.9282,10.954,10.198,10.77,7.4833,8.9443,10.583,10.677,16.793,13.115,15.62,10.392,11.402
11.045,11.136,10.392,7.0711,9.2736,17.146,9.4868,0,16.912,20.248,7.3485,10,7.746,16.673,9.0554,5.099,5.2915,7.874,6,8.3666,11.662,9.3808,4.6904,11.136,13.638,5.4772,16.971,6.7823,4.899,13.638,14.142,12.41,3.7417,6.9282,11.489,9.2736,10.583,3.1623,6.1644,2.4495,6.7823,17.436,13.711,5.6569,13.856,6.9282,6.4807,7.3485,14.071,17.205,21.119,18.601,21.541,18.708,10.677,6.7823,8,8.3666,5.2915,13.191,4.899,9.2736,6.6332,9.2736,13.711,7.6158,4,7.6158,4.6904,3.7417,18.655,7.746,8.3666,6,5.099,15.811,6.4807,5.6569,6.7823,10.488,6,8.2462,4.2426,9.2736,5.6569,17.029,17.378,5.099,11.489,14.071,9.4868,3.7417,8.2462,8.2462,4.2426,6.7823,15.297,4.2426,11.489,6,5.2915,3.4641,15.684,7.0711,10.583,7.3485,7.6158,7.746,4.4721,4.2426,9.0554,19.026,5.6569,13.565,20.928,9.4868,4.4721,13.565,14.629,6.4807,5.099,8.2462,17.263,9.5917,9.2736,6.4807,10.198,10.677,16,4.6904,7.4833,10.954,10.863,6.4807,12.57,9.0554,7.2111,9.3808,14.765,13.856,13.342,6.3246,3.7417,17.776,17.55,12.329,10.1,3.7417,6.3246,4.6904,18.221,6,13.638,14.283,2.8284,2.4495,5.2915,5.099,10,16.971,6.1644,16.31,6.4807,8.9443,11.136,6.1644,4.6904,19.9,7.0711,18.921,16.186,20.199,5.831,17.55,15.684,8.4853,10.77,19.391,5.831,5.6569,13.711,8.3666,4.899,13.342,13.638,16.673,8,11.747,5.831,5.099,5.4772,12.083,3.7417,5.099,4.899,19.287,15.427,18.276,7.3485,14.422
14.422,13.191,13.342,15.362,14.142,2.8284,14.422,16.912,0,11.136,15.232,14.071,15.033,8.9443,14.283,17.664,17.72,14.967,16.186,14.832,13.191,14.071,17.436,12.728,12.649,17.205,9.8995,15.492,16.186,10,9.2736,12.329,16.492,15.811,12.41,14.283,13.191,16.733,17.205,16.852,16,7.874,9.8995,17.378,9.6954,15.811,16.733,16.371,11.314,10.677,12.649,7.746,13.342,9.1652,13.115,15.492,14.9,15.492,16.793,10.583,17.378,14.142,17.263,14.283,9.8995,15.492,17.378,15.62,17.436,17.088,8.8318,16.31,14.697,17.378,16.371,10.954,16.371,17.263,15.492,14.56,16.553,14.765,17.436,14.142,17.263,9.1652,4,17.55,12.41,11.314,14,17.088,16.062,15.556,17.436,16.248,9.3808,17.088,12.41,17.263,17.263,17.263,9.798,15.748,13.191,16.371,15.492,15.033,17.493,16.371,14.283,8.7178,17.263,10.1,12.329,14.422,16.432,10.1,10,16.371,17.55,14.765,8.7178,13.928,15.1,16.371,13.491,13.115,5.4772,17.321,15.166,13.784,12.961,16.371,11.832,14.283,15.684,14.491,9.3808,9.6954,10.392,17.146,16.852,6.1644,5.4772,11.576,13.565,17.088,15.684,17.436,6.7823,16.186,10,9.0554,17.029,17.088,17.72,17.664,13.638,7.874,15.748,10.583,16.371,15.297,13.638,17.205,17.55,10.488,15.362,8.4853,9.798,11.045,16.248,8.124,8.9443,15.937,13.038,9.8995,17.321,16.912,10.488,15.1,16.553,10.392,10,7.2111,16.186,13.416,17.321,17.321,17.436,13.115,16.733,17.55,17.607,9.2736,6.9282,7.4833,16,8.8318
17.321,16.912,17.378,18.974,18,10.77,17.889,20.248,11.136,0,18.868,17.944,18.708,11.832,18.111,20.881,20.928,18.655,19.442,18.439,16.553,17.944,20.688,16.912,15.362,20.494,11.576,19.079,19.647,14.967,14.491,16,19.9,19.339,16.673,18,17.263,20.1,20.494,20.199,19.079,10.296,14.9,20.64,14.765,19.339,20.1,19.799,14.56,11.916,6.9282,8,7.3485,9.3808,17.205,19.079,18.601,19.079,20.149,15.362,20.64,18,20.347,18,14.9,19.079,20.64,18.762,20.688,20.396,8.6023,19.647,18.439,20.445,19.698,13.115,19.391,20.445,19.079,17.436,19.95,18.493,20.688,18,20.445,10.954,10.392,20.785,16.673,14.56,17.889,20.396,19.442,19.131,20.688,19.698,13.266,20.396,16.673,20.543,20.543,20.543,12.806,19.287,17.263,19.799,19.079,18.708,20.736,19.799,18.111,6.9282,20.445,15.033,5.2915,17.889,19.849,15.033,14,19.391,20.785,18.493,10.583,17.833,18.111,19.799,17.493,17.205,12.41,20.591,18.815,17.378,17.088,19.799,15.875,18.111,19.235,18.276,13.856,14.765,15.232,20.445,20.199,9.6954,10.1,16.062,17.55,20.396,19.235,20.688,8.8318,19.442,14.967,14.353,20.347,20.396,20.928,20.881,17.607,11.045,19.287,12.49,19.391,18.276,17.263,20.494,20.785,7.6158,18.974,7.746,12.49,3.1623,19.698,10.1,12.806,19.339,17.146,8.8318,20.396,20.248,14.9,18.762,19.95,15.232,14.967,11.489,19.545,16.492,20.591,20.591,20.688,16.248,20,20.785,20.833,7.6158,13.115,8.7178,19.494,14.213
8.2462,8.3666,9.4868,8.4853,8.2462,15.492,6,7.3485,15.232,18.868,0,11.402,5.4772,15.748,7.2111,8.9443,9.0554,4.4721,5.4772,4,12.57,7.3485,8.4853,8.3666,11.489,8,15.297,2.8284,5.4772,12.49,13.038,10,6.6332,8.8318,10.1,5.6569,10.677,6.9282,9.5917,7.2111,4.899,15.811,13.038,9.2736,12.247,8.8318,9.3808,10,14.142,15.556,19.799,17.088,20.248,17.205,8.4853,6,8.124,10.392,8.124,12.49,8.3666,9.3808,9.8995,5.6569,12.57,9.3808,8.3666,3.4641,8.4853,7.746,17.146,10.296,6.9282,8.3666,6,14,6,8.124,2.8284,7.4833,8.6023,8.3666,8.4853,10.392,8.124,15.362,15.748,8.9443,8.8318,14.142,6.6332,7.746,10.677,10.296,8.4853,9.1652,13.416,8,8.8318,9.4868,8.124,8.124,14.697,9.3808,9.0554,10,9.3808,8.3666,8.6023,6,8.4853,17.55,8.124,12.41,19.596,6,6.1644,11.402,14,6,8.9443,4.6904,15.62,10.677,5.6569,8.9443,11.576,11.662,14.629,8.2462,7.3485,12.247,11.832,8.9443,10.198,8.4853,9.0554,10.863,12.806,12.247,11.662,9.6954,7.2111,16.186,15.937,11.045,10.583,7.746,3.7417,8.4853,16.673,5.4772,12.961,12.728,7.6158,7.746,9.0554,8.9443,7.6158,15.684,8.2462,14.56,6,5.099,12.41,9.5917,8.7178,18.493,6.3246,17.436,15.232,18.815,8,15.937,14.697,10.863,11.225,17.944,8.2462,8.8318,11.576,10,7.874,12.166,12.49,15.362,10.488,9.1652,9.3808,8.2462,9.1652,9.5917,6.9282,8.9443,8.8318,17.833,14,16.733,9.5917,12.41
13.038,12,8.9443,7.6158,9.2736,14.353,11.747,10,14.071,17.944,11.402,0,10.392,13.784,10.1,10.677,10.77,10.488,11.662,11.225,6.9282,10.392,10.677,11.489,13.342,11.045,14.56,11.045,10,10.488,10.583,12.083,9.2736,7.2111,9.1652,11.576,7.4833,10.488,9.8995,10.296,11.402,14.697,10,10.198,10.77,7.2111,9.0554,8.3666,10.488,15.1,18.921,16.062,19.391,16.186,10.296,9.6954,8.4853,6.4807,9.1652,9.2736,10.77,8.124,10.198,11.576,10,6.4807,10.198,11.576,10.677,9.6954,16.125,8.4853,9.8995,11.314,11.225,13.928,11.916,11.136,11.045,12.57,8.7178,8.2462,10.296,6.1644,11.136,14.629,14.629,10.488,11.136,10.488,10.863,9.6954,8,6.6332,10.296,8.124,13.342,9.6954,11.489,10,10.954,10,12.57,7.0711,10.198,8.6023,6.4807,8.2462,10.583,9.6954,9.0554,16.553,11.136,9.798,18.708,11.747,10.954,12,11.225,11.916,10.488,10.77,14.9,4.899,12.247,8.3666,4,5.099,12.961,10.1,9.1652,4.4721,5.4772,8.3666,12.247,9.0554,6.9282,3.4641,12.728,10.77,11.045,10,9.2736,15.1,14.832,9.798,6.4807,9.6954,10.77,10.677,15.62,11.662,9.8995,11.314,10,9.8995,10.77,10.677,10.954,14.142,7.874,14.491,11.916,12.49,4.899,9.8995,10.488,17.55,9.8995,16.432,13.191,17.889,8.124,14.832,12.57,8.2462,6,16.971,11.225,9.3808,12.329,5.4772,8.7178,10.1,10.488,13.784,8.2462,12.57,10.1,10.863,10.296,12.884,10.677,10.488,10.583,16.852,12.247,15.684,7.6158,12.329
7.874,8,7.746,7.0711,6.1644,15.297,5.4772,7.746,15.033,18.708,5.4772,10.392,0,14.765,4.6904,9.2736,9.3808,3.1623,7.746,5.099,11.314,5.2915,8.8318,8,11.225,8.8318,15.1,5.4772,6,11.225,11.832,9.6954,6.7823,7.4833,8.4853,5.099,9.1652,7.3485,9.6954,7.6158,7.3485,15.62,11.832,9.3808,11.489,7.4833,9.0554,9.6954,13.038,15.362,19.647,16.912,20.1,17.029,7.3485,3.7417,6,9.6954,7.746,11.225,8.7178,7.6158,10,5.099,11.314,8.124,8.7178,6.4807,8.8318,8.124,16.971,10,4.2426,9.1652,7.0711,13.784,8.124,8.9443,5.4772,7.0711,7.746,6.3246,8.8318,8.8318,8.9443,15.166,15.556,9.0554,8.4853,13.038,5.4772,8.124,10.392,9.5917,8.8318,8.8318,13.191,8.124,8.4853,9.5917,8.7178,8.4853,13.638,8.6023,7.2111,9.6954,8.124,6.3246,8.9443,6.4807,6.4807,17.378,8.9443,11.136,19.442,5.4772,7.2111,11.136,12.884,8.124,9.0554,4,15.427,9.1652,7.0711,8.124,10.583,10.296,14,8.6023,4.899,11.314,10.488,8.124,9.8995,6.4807,7.746,9.798,12.57,11.489,10.863,9.798,7.6158,16,15.748,9.5917,9.0554,8.124,4.899,8.8318,16.492,7.746,11.747,12,8,8.124,9.3808,9.2736,6.3246,15.1,6.7823,14.353,8.124,7.4833,11.489,9.6954,9.0554,18.33,3.1623,17.263,14.213,18.655,7.0711,15.748,13.638,10.583,9.798,17.776,9.0554,8.4853,11.314,8.8318,6.9282,10.863,11.225,14.765,10.198,8.8318,9.4868,8.6023,9.2736,9.2736,7.874,9.0554,9.1652,17.664,13.342,16.553,8.8318,12.166
15.748,14.353,13.038,15.1,13.856,8.4853,15.232,16.673,8.9443,11.832,15.748,13.784,14.765,0,14,17.436,17.493,15.1,16.673,15.362,11.916,13.928,17.205,13.928,14.697,17.205,13.038,15.748,15.937,9.5917,8.8318,13.856,16.248,15.556,12.083,15.1,12.884,16.492,16.971,16.613,16.492,11.916,9.4868,17.146,10.296,15.556,16.492,16.125,8.9443,13.638,13.711,11.136,13.638,12.806,13.266,15.232,14.629,15.232,16.553,10.198,17.146,13.856,16.793,15.1,9.4868,15.232,17.146,16.125,17.205,16.852,12.247,15.937,14.422,17.378,16.371,13.565,16.852,17.263,15.748,15.62,16.31,14.491,17.205,13.856,17.263,12.49,8.9443,17.321,13.342,8.9443,14.283,16.852,15.684,15.297,17.205,16,12.329,16.852,13.638,17.029,17.146,17.029,5.6569,15.492,12.884,16.125,15.232,14.765,17.263,16.125,14,10.198,17.263,9.6954,12.649,15.232,16.432,12.247,8,16.852,17.321,15.033,12.49,13.638,16.125,16.125,13.191,12.806,8.124,17.088,14.9,13.038,12.649,16.125,13.416,14,15.427,14.213,12,10.296,10.954,16.912,16.613,10.488,10.488,11.225,13.266,16.852,15.556,17.205,8.6023,16.673,9.5917,9.6954,16.793,16.852,17.493,17.436,14.071,4.2426,15.492,13.565,16.852,16.31,12.884,16.971,17.321,12.884,15.1,11.662,4,12.247,16,12.083,5.6569,15.556,12.728,13.038,17.321,16.673,12.884,14.832,16.31,10,9.5917,6,15.811,14.832,17.088,17.088,17.205,14.832,16.733,17.321,17.378,12.247,8.2462,11.314,15.748,11.225
8.7178,6.4807,6.1644,6.6332,4,14.56,6.6332,9.0554,14.283,18.111,7.2111,10.1,4.6904,14,0,10.392,10.488,5.6569,9.0554,6.9282,11.045,3.7417,10,6.4807,10.198,10,14.353,7.2111,7.6158,10.198,10.863,8.4853,8.2462,7.6158,7.0711,6.3246,7.874,8.7178,10.583,8.9443,8.7178,14.9,10.863,10.296,10.488,7.6158,9.5917,10.198,12.166,14.629,19.079,16.248,19.545,16.371,5.6569,6,5.4772,9.798,8.8318,10.198,9.8995,6,10.863,6.3246,10.296,8.2462,9.8995,8,10,9.3808,16.31,10.488,3.4641,10.296,8.4853,12.961,9.3808,10.1,7.2111,8,8.3666,5.831,10,8,10.1,14.422,14.832,10.198,7.0711,12.166,4.899,9.3808,10.863,9.6954,10,9.3808,12.329,9.3808,7.0711,10.488,9.8995,9.6954,12.806,8.7178,5.4772,10.198,8.2462,5.831,10.1,8,4.4721,16.733,10.1,10.1,18.868,6.6332,8.6023,10.1,12,9.3808,10.198,6.1644,14.697,8.8318,8.4853,8.7178,10.296,9.5917,13.191,9.798,5.099,11.045,9.798,8.7178,8.7178,4.4721,7.874,9.4868,11.662,10.488,9.798,10.677,8.9443,15.297,15.033,8.3666,8.2462,9.3808,6.7823,10,15.811,9.0554,10.77,11.045,9.2736,9.3808,10.488,10.392,4.2426,14.353,6.9282,13.565,9.3808,8.8318,11.225,10.583,10.198,17.72,5.6569,16.613,13.416,18.055,7.746,15.033,12.806,11.045,9.0554,17.146,10.198,9.0554,10.296,8.9443,8.3666,9.798,10.198,14,10.677,7.4833,10.392,9.798,10.198,8,9.1652,10.198,10.296,17.029,12.49,15.875,8.9443,11.225
12.166,12.247,11.576,8.7178,10.583,17.889,10.77,5.099,17.664,20.881,8.9443,10.677,9.2736,17.436,10.392,0,1.4142,9.3808,7.6158,9.798,12.728,10.677,2.8284,12.247,14.56,4,17.72,8.4853,7.0711,14.56,15.033,13.416,6.3246,7.874,12.57,10.583,11.747,5.6569,4.4721,5.2915,8.4853,18.166,14.629,3.7417,14.765,7.874,5.6569,6.6332,14.967,17.944,21.726,19.287,22.136,19.391,11.832,8.4853,9.4868,8.4853,5.4772,14.142,3.1623,10.583,5.099,10.583,14.629,8.4853,3.1623,9.1652,2.8284,4.4721,19.339,7.0711,9.798,4.6904,6.9282,16.613,8,4.2426,8.4853,11.662,6.1644,9.6954,2.8284,10.583,4.2426,17.776,18.111,2.8284,12.57,14.967,10.77,4.4721,7.6158,8.3666,2.8284,6.9282,16.125,4.4721,12.57,4.2426,3.7417,3.7417,16.492,8,11.747,6.6332,8.4853,9.2736,2.4495,6.6332,10.392,19.698,4.2426,14.491,21.541,10.77,6.4807,14.491,15.492,8,2.8284,9.6954,18,10.863,10.583,6.6332,11.402,11.832,16.793,3.4641,9.0554,11.576,12,6.6332,13.565,10.392,8.124,10.1,15.62,14.765,14.283,4.6904,5.2915,18.493,18.276,13.342,11.314,4.4721,8.124,2.8284,18.921,7.6158,14.56,15.166,4.6904,4.4721,1.4142,0,11.225,17.72,8,17.088,8,10.296,11.747,4.4721,2,20.543,8.7178,19.596,16.971,20.833,6.9282,18.276,16.492,7.874,11.916,20.05,4.4721,5.099,14.629,9.1652,6.1644,14.283,14.56,17.436,7.3485,12.806,4,3.4641,3.4641,13.115,6,2.8284,1.4142,19.95,16.248,18.974,7.4833,15.297
12.247,12.329,11.662,8.8318,10.677,17.944,10.863,5.2915,17.72,20.928,9.0554,10.77,9.3808,17.493,10.488,1.4142,0,9.4868,7.746,9.8995,12.806,10.77,3.1623,12.329,14.629,4.2426,17.776,8.6023,7.2111,14.629,15.1,13.491,6.4807,8,12.649,10.677,11.832,5.831,4.2426,5.4772,8.6023,18.221,14.697,3.4641,14.832,8,5.831,6.7823,15.033,18,21.772,19.339,22.181,19.442,11.916,8.6023,9.5917,8.6023,5.6569,14.213,3.4641,10.677,4.899,10.677,14.697,8.6023,3.4641,9.2736,3.1623,4.6904,19.391,7.2111,9.8995,4.899,7.0711,16.673,8.124,4.4721,8.6023,11.747,6.3246,9.798,3.1623,10.677,4.4721,17.833,18.166,2.4495,12.649,15.033,10.863,4.6904,7.746,8.4853,3.1623,7.0711,16.186,4.6904,12.649,4,4,4,16.553,8.124,11.832,6.7823,8.6023,9.3808,2.8284,6.7823,10.488,19.748,4.4721,14.56,21.587,10.863,6.6332,14.56,15.556,8.124,2.4495,9.798,18.055,10.954,10.677,6.7823,11.489,11.916,16.852,3.7417,9.1652,11.662,12.083,6.7823,13.638,10.488,8.2462,10.198,15.684,14.832,14.353,4.4721,5.4772,18.547,18.33,13.416,11.402,4.6904,8.2462,3.1623,18.974,7.746,14.629,15.232,4.899,4.6904,0,1.4142,11.314,17.776,8.124,17.146,8.124,10.392,11.832,4.2426,2.4495,20.591,8.8318,19.647,17.029,20.881,7.0711,18.33,16.553,8,12,20.1,4.6904,5.2915,14.697,9.2736,6.3246,14.353,14.629,17.493,7.4833,12.884,3.7417,3.7417,3.1623,13.191,6.1644,2.4495,2,20,16.31,19.026,7.6158,15.362
7.746,7.874,8.3666,7.2111,6.9282,15.232,5.2915,7.874,14.967,18.655,4.4721,10.488,3.1623,15.1,5.6569,9.3808,9.4868,0,7.0711,4,11.747,5.831,8.9443,7.874,11.136,8.7178,15.033,4.4721,6.1644,11.662,12.247,9.5917,6.9282,7.6158,9.0554,4.899,9.6954,7.4833,9.798,7.746,6.6332,15.556,12.247,9.4868,11.402,7.6158,9.1652,9.798,13.416,15.297,19.596,16.852,20.05,16.971,7.2111,4,6.7823,9.798,7.874,11.662,8.8318,8.2462,10.1,4.899,11.747,8.2462,8.8318,5.6569,8.9443,8.2462,16.912,10.1,5.2915,9.0554,6.9282,13.711,7.4833,8.8318,4.4721,6.9282,7.874,7.0711,8.9443,9.3808,8.8318,15.1,15.492,9.1652,8.3666,13.416,5.2915,8.2462,10.488,9.6954,8.9443,8.9443,13.115,8.2462,8.3666,9.6954,8.6023,8.6023,14,8.7178,7.874,9.798,8.2462,7.0711,9.0554,6.6332,7.2111,17.321,8.8318,11.576,19.391,5.2915,7.0711,11.045,13.266,7.4833,9.1652,2.4495,15.362,9.6954,6.3246,8.2462,10.677,10.77,13.928,8.7178,5.831,11.402,10.954,8.2462,9.798,7.2111,7.874,9.8995,12.49,11.402,10.77,9.8995,7.746,15.937,15.684,10.1,9.5917,8.2462,4.6904,8.9443,16.432,7.0711,12.166,11.916,8.124,8.2462,9.4868,9.3808,6.1644,15.033,6.9282,14.283,7.4833,6.7823,11.576,9.798,9.1652,18.276,4.4721,17.205,14.56,18.601,7.2111,15.684,14,10.677,10.296,17.72,8.9443,8.6023,11.225,8.9443,7.0711,11.314,11.662,14.697,10.296,8.7178,9.5917,8.7178,9.3808,9.1652,7.746,9.1652,9.2736,17.607,13.266,16.492,8.9443,12.083
9.4868,9.798,10.954,9.2736,9.8995,16.432,7.874,6,16.186,19.442,5.4772,11.662,7.746,16.673,9.0554,7.6158,7.746,7.0711,0,6.4807,13.115,9.1652,7.0711,10,12.41,6.4807,16,5.4772,6.6332,13.638,14.142,11.225,7.0711,9.1652,11.489,7.6158,11.662,5.099,8.6023,5.4772,3.7417,16.492,14.142,8.2462,13.416,9.1652,8.8318,9.4868,14.9,16.248,20.347,17.72,20.785,17.833,10.1,7.6158,9.3808,10.296,8,13.638,6.9282,10.488,8.9443,7.6158,13.711,9.6954,6.9282,5.099,7.0711,7.0711,17.776,9.798,8.8318,6.3246,3.1623,14.765,2.4495,6.3246,5.4772,8.8318,8.4853,9.5917,7.0711,11.045,6.3246,16.062,16.673,7.874,10.392,14.9,8.6023,7.0711,10.198,10.198,7.3485,9.0554,14.353,7.3485,10.392,8.4853,6.6332,6.6332,15.684,9.2736,10.583,9.4868,9.6954,9.1652,7.2111,6.4807,9.6954,18.276,6.3246,13.565,20.149,7.874,4,12.649,15.033,2.4495,7.874,7.2111,16.31,11.314,7.3485,8.8318,11.832,12.247,15.62,7.6158,8.7178,12.49,12.41,8.8318,11.402,9.6954,9.3808,11.136,13.784,13.416,12.884,8.7178,7.0711,16.971,16.733,12.329,11.225,7.0711,6,7.0711,17.55,0,14.071,13.856,6,6.1644,7.746,7.6158,9.3808,16.613,8.6023,15.297,2.4495,6.9282,12.649,8.6023,7.3485,19.079,7.874,18.055,16.186,19.391,8.3666,16.613,15.684,10.392,11.832,18.547,6.1644,8.2462,12.649,10.296,7.746,13.342,13.638,16.31,10,10.296,8.3666,6.7823,8.124,10.677,4.6904,7.874,7.4833,18.439,15.033,17.378,9.4868,13.565
7.2111,7.3485,9.2736,8.2462,8,15.1,4.4721,8.3666,14.832,18.439,4,11.225,5.099,15.362,6.9282,9.798,9.8995,4,6.4807,0,12.41,6.4807,9.3808,7.6158,10.77,8.9443,14.765,4.899,6.7823,12,12.57,9.1652,7.4833,8.6023,9.8995,4,10.488,8,10.198,8.2462,6,15.297,12.884,9.8995,11.747,8.6023,9.5917,10.198,14,15.033,19.391,16.613,19.849,16.733,7.746,5.6569,7.874,10.198,8.3666,12.329,9.2736,9.1652,10.488,4,12.083,9.1652,9.2736,4.899,9.3808,8.7178,16.673,10.488,6.6332,9.0554,6.9282,13.416,6.9282,8.8318,4.899,6.3246,8.3666,8.124,9.3808,10.198,8.8318,14.832,15.362,9.5917,8.124,14,5.6569,8.7178,10.863,10.1,9.3808,9.3808,12.806,8.7178,8.124,10.1,9.0554,9.0554,14.56,9.1652,8.3666,10.198,9.1652,8.124,9.4868,7.2111,8.2462,17.088,8.8318,12.247,19.183,4.4721,7.3485,10.863,13.856,6.9282,9.5917,3.1623,15.1,10.488,4.899,8.7178,11.402,11.489,14.213,9.1652,7.0711,12.083,11.662,8.7178,9.3808,8.2462,8.8318,10.677,12.166,11.747,11.136,10.296,8.2462,15.684,15.427,10.488,10.392,8.7178,5.4772,9.3808,16.31,6.4807,12.806,12.247,8.6023,8.7178,9.8995,9.798,6.7823,15.297,8,14,6.9282,5.4772,12.247,10.198,9.5917,18.055,6,16.971,14.832,18.385,7.746,15.427,14.283,11.045,11.045,17.493,8.9443,9.0554,10.863,9.798,7.6158,11.662,12,14.967,10.677,8.2462,10,9.1652,9.798,8.7178,7.746,9.5917,9.6954,17.378,13.565,16.248,9.3808,11.916
13.784,12.806,10,9.2736,10.296,13.491,12.57,11.662,13.191,16.553,12.57,6.9282,11.314,11.916,11.045,12.728,12.806,11.747,13.115,12.41,0,11.314,12.57,12.329,14.071,12.884,14.967,12.247,11.314,10.677,10.392,12.884,11.045,10,10.198,12.41,8.7178,12.083,12.083,11.916,12.884,14.56,8.7178,12.329,11.314,10,11.402,10.863,7.874,15.492,17.944,15.297,18.111,16.062,11.225,11.045,9.5917,9.4868,11.489,9.0554,12.649,9.2736,11.832,12.41,9.798,9.4868,12.329,12.728,12.57,11.916,15.875,10.583,10.863,13.115,12.728,14.629,13.342,12.961,12.247,13.342,11.136,9.3808,12.41,7.6158,12.961,14.765,13.784,12.57,12,7.874,11.747,11.916,10.198,9.5917,12.41,10.677,13.784,11.916,12.329,12.166,12.806,12.166,10.488,9.8995,11.136,10.863,9.4868,9.3808,12.49,11.402,10.1,15.427,12.961,9.5917,17.378,12.57,12.49,12.806,9.4868,13.342,12.57,12,15.033,6.6332,13.342,10.863,5.6569,6.1644,12.329,12.247,10.198,5.2915,5.831,10.863,13.038,10.1,9.798,7.746,13.191,11.314,11.576,12,11.576,14.56,14.283,10.392,7.874,11.916,12,12.57,14.422,13.115,9.6954,11.489,12,11.916,12.806,12.728,11.832,12.329,9.8995,14.9,13.342,13.565,4.899,12.083,12.57,16.852,10.863,15.684,11.225,16.852,10.677,14.697,10.863,10,6.9282,16.492,13.038,11.662,13.115,8.8318,11.136,10.677,10.677,12.41,10.392,13.342,12.247,12.728,12.41,13.638,12.247,12.57,12.649,16.125,12.083,15.166,10.296,12.806
7.874,6,7.2111,7.0711,5.4772,14.353,6.1644,9.3808,14.071,17.944,7.3485,10.392,5.2915,13.928,3.7417,10.677,10.77,5.831,9.1652,6.4807,11.314,0,10.296,6,9.8995,10.1,14.142,7.3485,8,10.1,10.77,8.124,8.6023,8,7.4833,5.831,8.7178,9.0554,10.863,9.2736,8.8318,14.697,11.136,10.583,10.198,8,9.8995,10.488,12.728,14.422,18.921,16.062,19.391,16.186,5.099,6.4807,6,10.1,9.1652,10.488,10.198,7.0711,11.136,5.831,10.198,8.6023,10.198,8.124,10.296,9.6954,16.125,10.77,4.2426,10.392,8.6023,12.728,9.4868,10.198,7.3485,7.0711,8.7178,6.3246,10.296,8.8318,10.198,14.213,14.629,10.488,6.6332,12.728,3.1623,9.6954,11.136,10,10.296,9.6954,12.083,9.6954,6.6332,10.77,10,10,13.038,9.0554,5.2915,10.488,8.6023,6.3246,10.392,8.3666,5.831,16.553,10.198,10.392,18.708,6.1644,8.7178,9.798,12.247,9.4868,10.488,5.6569,14.491,9.1652,8.124,9.0554,10.583,10.296,12.961,10.1,5.6569,11.314,10.488,9.0554,8.3666,5.831,8.2462,9.798,11.402,10.198,9.4868,10.954,9.2736,15.1,14.832,8.2462,9.0554,9.6954,6.9282,10.296,15.62,9.1652,11.045,10.77,9.5917,9.6954,10.77,10.677,3.4641,14.142,7.3485,13.342,9.4868,8.4853,11.489,10.863,10.488,17.55,6.1644,16.432,13.342,17.889,8.124,14.832,12.728,11.314,9.798,16.971,10.296,9.3808,10,9.2736,8.7178,9.6954,10.1,13.784,10.954,7.0711,10.677,10.1,10.488,7.6158,9.2736,10.488,10.583,16.852,12.247,15.684,9.2736,10.954
11.832,11.916,11.225,8.4853,10.198,17.664,10.392,4.6904,17.436,20.688,8.4853,10.677,8.8318,17.205,10,2.8284,3.1623,8.9443,7.0711,9.3808,12.57,10.296,0,11.916,14.283,2.8284,17.493,8,6.4807,14.283,14.765,13.115,6,7.874,12.247,10.198,11.402,4.899,5.2915,4.4721,8,17.944,14.353,4.6904,14.491,7.874,6.3246,7.2111,14.697,17.72,21.541,19.079,21.954,19.183,11.489,8,9.0554,8.7178,5.831,13.856,1.4142,10.198,5.831,10.198,14.353,8.4853,3.1623,8.7178,0,4.4721,19.131,7.6158,9.3808,3.7417,6.3246,16.371,7.4833,3.1623,8,11.314,6.4807,9.2736,3.4641,10.392,3.1623,17.55,17.889,4,12.247,14.697,10.392,4.4721,8.124,8.6023,4,7.2111,15.875,4.899,12.247,5.099,2.4495,3.7417,16.248,8,11.402,7.2111,8.4853,8.8318,1.4142,6,10,19.494,3.1623,14.213,21.354,10.392,5.831,14.213,15.232,7.4833,4,9.2736,17.776,10.677,10.198,6.9282,11.225,11.662,16.553,4.4721,8.6023,11.576,11.832,6.9282,13.266,10,8.124,10.1,15.362,14.491,14,5.4772,5.2915,18.276,18.055,13.038,10.954,4.4721,7.6158,0,18.708,7.0711,14.283,14.9,3.7417,4,3.1623,2.8284,10.863,17.493,7.746,16.852,7.4833,9.8995,11.747,5.2915,2,20.347,8.2462,19.391,16.733,20.64,6.9282,18.055,16.248,8.3666,11.576,19.849,3.4641,5.4772,14.353,9.1652,6.1644,14,14.283,17.205,7.874,12.49,4.899,2,4.4721,12.806,5.2915,4,2.4495,19.748,16,18.762,7.746,15.033
7.3485,3.4641,7.746,8.6023,6.7823,13.038,6.7823,11.136,12.728,16.912,8.3666,11.489,8,13.928,6.4807,12.247,12.329,7.874,10,7.6158,12.329,6,11.916,0,7.874,11.576,12.806,8.8318,10,10.1,10.77,5.4772,10.488,9.3808,8,6.4807,9.1652,10.863,12.247,11.045,9.6954,13.416,11.489,12,9.3808,9.3808,11.402,11.576,13.038,13.115,17.944,14.9,18.439,15.033,5.099,8.8318,7.746,11.225,10.954,10.863,11.832,8.124,12.49,6.4807,10.583,9.8995,11.832,9.0554,11.916,11.402,14.967,11.832,7.3485,11.832,10.296,11.225,10.296,11.662,8.8318,7.0711,10.583,8,11.916,9.6954,11.662,12.884,13.342,12.083,4,13.038,5.831,11.402,12.166,11.136,11.916,10.863,10.488,11.402,2.8284,12.166,11.662,11.662,13.342,10.296,6,11.576,9.8995,8,12,10.296,7.0711,15.427,11.662,10.77,17.72,6.7823,10.392,7.746,12.57,10.296,12.083,7.4833,13.191,10.392,8.124,10.296,11.662,11.045,12.329,11.747,8.2462,12.329,11.225,10.296,5.831,7.0711,9.5917,10.954,9.6954,9.3808,8.6023,12.329,11.045,13.856,13.565,8.7178,9.8995,11.402,9.1652,11.916,14.422,10,11.402,10,11.314,11.402,12.329,12.247,4.899,13.565,9.2736,11.916,10.296,8.4853,12.49,12.247,12.083,16.492,8.6023,15.297,13.638,16.852,10.1,13.565,12.728,12.329,10.583,15.875,11.747,11.136,8,10.488,10.583,9.6954,10.1,13.191,12,5.099,12.083,11.747,11.916,5.831,10.863,12.083,12.166,15.748,11.576,14.491,10.488,9.1652
8,7.874,9.8995,11.662,10,12.961,9.798,13.638,12.649,15.362,11.489,13.342,11.225,14.697,10.198,14.56,14.629,11.136,12.41,10.77,14.071,9.8995,14.283,7.874,0,14,10.1,11.832,12.728,11.136,12.083,5.6569,13.115,12.247,10.1,10,11.045,13.416,14.56,13.565,11.832,11.402,13.038,14.353,10.488,12.247,13.856,14,14.422,10.488,16.125,13.115,16.673,12.806,8.4853,11.832,11.045,13.416,13.491,12.166,14.213,10.583,14.765,10,11.916,12.329,14.213,11.314,14.283,13.856,13.038,14.213,10.77,13.784,12.806,8,12.166,13.928,11.832,8.7178,13.191,10.863,14.283,11.832,13.928,10.77,13.266,14.422,7.3485,14.422,9.798,13.856,14.491,13.342,14.283,13.416,8.9443,13.856,7.3485,14.491,14.071,14.071,14.422,12.649,8.6023,14,12.329,11.225,14.353,12.961,10.198,14.422,13.928,12.083,16.248,9.798,13.038,8.124,13.711,12.166,14.422,10.863,11.136,12.41,10,12.961,13.491,12.649,12.57,14.142,11.402,14.071,12.806,12.961,6,10.198,12.083,13.191,8.4853,10.488,9.798,14.629,13.565,12.728,12.41,10.296,11.662,13.856,12.083,14.283,14.353,12.41,12.649,11.045,13.784,13.856,14.629,14.56,9.2736,14.353,12.166,8.9443,12.166,10.296,14.213,14.56,14.422,14.491,11.662,13.565,14.697,15.297,12.806,11.576,13.856,14.629,12.247,13.784,13.856,13.638,7.0711,12.806,13.191,11.136,11.136,13.711,14.353,6.9282,14.422,14.142,14.283,6.3246,13.266,14.422,14.491,13.638,12.166,12.649,13.115,9.4868
11.489,11.576,11.402,8.9443,10.392,17.436,10,5.4772,17.205,20.494,8,11.045,8.8318,17.205,10,4,4.2426,8.7178,6.4807,8.9443,12.884,10.1,2.8284,11.576,14,0,17.263,7.4833,6.7823,14.283,14.765,12.806,6.6332,8.3666,12.247,9.798,11.747,5.2915,6,4.899,7.4833,17.72,14.491,5.4772,14.353,8.3666,6.9282,7.746,14.967,17.493,21.354,18.868,21.772,18.974,11.314,8.2462,9.4868,9.1652,6.4807,14,2.4495,10.583,6.4807,9.798,14.353,8.9443,4.2426,8.2462,2.8284,5.2915,18.921,8.124,9.3808,2.4495,5.6569,16.125,6.9282,1.4142,7.4833,10.954,7.0711,9.6954,4.4721,10.77,1.4142,17.321,17.664,4.899,11.916,14.967,10,5.2915,8.6023,9.0554,4.899,7.746,15.62,5.6569,11.916,5.831,1.4142,4.6904,16.248,8.4853,11.402,7.746,8.9443,9.2736,3.1623,6.6332,10.198,19.287,1.4142,14.213,21.166,10,5.099,13.928,15.362,6.9282,4.899,8.8318,17.55,11.045,9.798,7.4833,11.576,12,16.432,5.2915,8.8318,11.916,12.166,7.4833,12.961,10.198,8.6023,10.488,15.1,14.353,13.856,6.1644,6,18.055,17.833,13.038,11.314,5.2915,7.3485,2.8284,18.493,6.4807,14.422,14.765,4.6904,4.899,4.2426,4,10.677,17.378,8.2462,16.613,6.9282,9.4868,12.083,6,3.4641,20.149,8.4853,19.183,16.733,20.445,7.4833,17.833,16.248,8.8318,11.916,19.647,2,6.1644,14.071,9.5917,6.7823,14,14.283,17.088,8.3666,12.166,5.6569,2,5.2915,12.49,4.4721,4.899,3.7417,19.545,15.875,18.547,8.2462,14.765
12.884,12.806,13.416,15.427,14.213,10.296,14.071,16.971,9.8995,11.576,15.297,14.56,15.1,13.038,14.353,17.72,17.776,15.033,16,14.765,14.967,14.142,17.493,12.806,10.1,17.263,0,15.556,16.248,10.488,11.136,11.576,16.553,15.875,12.49,14.213,13.266,16.793,17.378,16.912,15.556,6,12.806,17.436,9.798,15.875,16.793,16.432,14.213,4,12.57,8.8318,13.266,7.874,13.191,15.556,14.967,15.684,16.852,11.916,17.436,14.213,17.55,14.213,11.314,15.556,17.436,15.166,17.493,17.146,8.2462,16.613,14.765,17.088,16.31,6.1644,15.811,17.205,15.556,13.342,16.613,14.832,17.493,14.213,17.205,3.7417,9.8995,17.607,12.49,14.213,14.071,17.146,16.613,15.62,17.493,16.31,7.3485,17.146,12.49,17.321,17.321,17.321,13.342,15.811,13.266,16.673,15.556,15.1,17.55,16.432,14.353,10.677,17.205,11.489,12.728,14.071,16.492,10.198,13.191,15.811,17.607,14.832,4.6904,14,14.213,16.432,14.697,13.638,10.198,17.378,15.232,14.967,13.784,16.432,11.402,14.353,15.748,14.967,8.3666,9.798,10.488,17.436,16.912,8.2462,8.2462,11.662,13.638,17.146,15.748,17.493,11.314,16,12.083,9.5917,17.088,17.146,17.776,17.72,13.711,12.329,15.811,4.6904,15.811,14.422,15.1,17.378,17.607,10.392,15.427,9.0554,13.342,11.489,16.31,5.6569,12.728,16.733,13.266,9.3808,17.146,16.971,10,15.166,16.613,10.488,10.488,11.576,16.492,12.247,17.378,17.378,17.493,11.916,16.673,17.607,17.664,9.1652,10.1,8.124,16.062,8.9443
8.7178,8.8318,9.4868,8,8.2462,15.748,6.6332,6.7823,15.492,19.079,2.8284,11.045,5.4772,15.748,7.2111,8.4853,8.6023,4.4721,5.4772,4.899,12.247,7.3485,8,8.8318,11.832,7.4833,15.556,0,4.6904,12.49,13.038,10.392,6,8.3666,10.1,6.3246,10.296,6.3246,9.1652,6.6332,4.899,16.062,13.038,8.8318,12.247,8.3666,8.9443,9.5917,13.856,15.811,20,17.321,20.445,17.436,8.4853,5.2915,7.6158,10,7.6158,12.49,7.874,8.9443,9.4868,6.3246,12.57,8.9443,7.874,3.4641,8,7.2111,17.378,9.8995,6.9282,7.874,5.2915,14.283,6,7.6158,0,8,8.124,7.874,8,10,7.6158,15.62,16,8.4853,9.2736,13.856,6.6332,7.2111,10.296,9.8995,8,8.7178,13.711,7.4833,9.2736,9.0554,7.6158,7.6158,14.697,8.9443,9.0554,9.5917,8.9443,7.874,8.124,5.2915,8,17.776,7.6158,12.41,19.799,6.6332,5.4772,11.747,14,6,8.4853,4.6904,15.875,10.296,6.3246,8.4853,11.225,11.314,14.629,7.746,6.7823,11.916,11.489,8.4853,10.583,8,8.6023,10.488,13.115,12.247,11.662,9.2736,6.6332,16.432,16.186,11.045,10.198,7.2111,2.4495,8,16.912,5.4772,12.961,12.728,7.0711,7.2111,8.6023,8.4853,7.6158,15.684,7.746,14.832,6,5.831,12.083,9.1652,8.2462,18.708,5.6569,17.664,15.232,19.026,7.4833,16.186,14.697,10.488,10.863,18.166,7.746,8.3666,11.916,9.5917,7.3485,12.166,12.49,15.362,10.1,9.5917,8.9443,7.746,8.7178,10,6.3246,8.4853,8.3666,18.055,14,16.971,9.1652,12.728
9.8995,10,9.1652,6.4807,7.874,16.432,8.124,4.899,16.186,19.647,5.4772,10,6,15.937,7.6158,7.0711,7.2111,6.1644,6.6332,6.7823,11.314,8,6.4807,10,12.728,6.7823,16.248,4.6904,0,12.728,13.266,11.402,3.7417,6.9282,10.392,7.874,9.5917,4.2426,7.874,4.6904,6.1644,16.733,12.806,7.4833,12.961,6.9282,7.6158,8.3666,13.342,16.492,20.543,17.944,20.976,18.055,9.4868,4.6904,6.6332,8.8318,6,12.247,6.3246,8.124,8.2462,7.874,12.806,7.6158,6.3246,5.831,6.4807,5.4772,18,8.7178,6.7823,7.2111,5.831,15.033,7.0711,6.9282,4.6904,9.2736,6.6332,6.9282,6.4807,8.8318,6.9282,16.31,16.673,7.0711,10.392,13.342,8.124,5.4772,9.1652,8.7178,6.4807,7.3485,14.491,5.831,10.392,7.746,6.6332,6,14.9,7.6158,9.3808,8.3666,7.6158,6.3246,6.6332,2.4495,7.6158,18.385,6.9282,12.649,20.347,8.124,5.2915,12.649,13.784,7.0711,7.0711,6.6332,16.553,9.1652,7.874,7.0711,10.198,10.296,15.232,6.1644,5.6569,10.954,10.488,7.0711,11.576,7.6158,7.2111,9.3808,13.928,12.961,12.41,8,4.6904,17.088,16.852,11.314,9.0554,5.4772,4,6.4807,17.55,6.6332,12.728,13.416,5.2915,5.4772,7.2111,7.0711,8.7178,16.248,6.1644,15.556,7.0711,7.4833,11.136,7.874,6.7823,19.287,5.099,18.276,15.427,19.596,5.831,16.852,14.9,9.3808,9.798,18.762,7.0711,6.9282,12.806,8.3666,5.6569,12.41,12.728,15.937,8.9443,10.677,7.6158,6.4807,7.3485,11.045,5.4772,7.0711,6.9282,18.655,14.629,17.607,7.874,13.565
12.49,10.677,8.8318,11.662,10,10.392,11.832,13.638,10,14.967,12.49,10.488,11.225,9.5917,10.198,14.56,14.629,11.662,13.638,12,10.677,10.1,14.283,10.1,11.136,14.283,10.488,12.49,12.728,0,4.6904,10,13.115,12.247,7.3485,11.662,8.6023,13.416,14.142,13.565,13.416,10.863,7.3485,14.213,3.7417,12.247,13.416,12.961,9.5917,11.225,16.125,12.649,16.673,12.806,9.1652,11.832,11.045,12,13.491,5.6569,14.213,10,14.353,11.662,4.2426,11.832,14.213,12.961,14.283,13.856,12.728,13.191,10.77,14.491,13.266,10.392,13.856,14.353,12.49,12.329,13.191,10.863,14.283,10,14.353,10.198,10.77,14.422,9.2736,9.5917,10.583,13.856,13.191,11.916,14.283,12.806,8.7178,13.856,9.6954,14.071,14.213,14.071,9.1652,12.166,8.6023,13.266,11.832,11.225,14.353,12.961,10.198,13.266,14.353,4.6904,15.875,11.832,13.342,7.6158,8.4853,13.856,14.422,11.576,10.583,9.6954,12.961,12.961,10.677,9.1652,8.3666,14.142,11.402,11.045,9.3808,12.961,9.3808,10.198,12.083,11.045,8.2462,3.7417,5.2915,14.213,13.565,11.402,11.045,5.831,9.1652,13.856,12.247,14.283,12.083,13.638,6,4.2426,13.784,13.856,14.629,14.56,10.296,10.1,12.166,10.392,13.856,13.191,11.225,14.142,14.422,14.491,11.662,13.115,9.5917,14.9,12.806,11.045,8.2462,13.342,8.6023,13.784,14.422,13.638,8.6023,11.314,13.191,2.8284,0,9.5917,13.038,11.314,14.142,14.142,14.283,11.314,13.711,14.422,14.491,13.638,7.2111,12.166,12.49,7.0711
